214000001000000
015000000100000
011900000000001
042200000000001
513100000000010
365000000100000
432100000000010
014300000001000
011001000000000
604000001000000
203100000100000
021300000001000
423000010000000
023300000000010
015500000000001
012700000000010
312000100000000
011500000010000
222100000010000
332100000000100
250010000000000
002400100000000
420010000000000
316100000000001
331100000001000
154100000000001
640010000000000
631001000000000
016300000000010
011700000000100
600010000000000
400100001000000
561001000000000
256000000010000
451001000000000
160100000001000
520100000001000
115000000100000
654000001000000
000110000000000
010700000001000
130200000000001
431001000000000
626000000010000
112000100000000
034200000000001
153000010000000
412100000001000
063000010000000
404100000000100
025100000001000
305100000000100
533000010000000
013600000000010
063100000000010
031300000000001
010800000000100
544000001000000
422000100000000
030010000000000
124100000001000
002400100000000
010800000000100
023200000001000
042000100000000
216100000000010
144000001000000
661001000000000
034100000001000
114000001000000
204100000010000
234100000000010
206100000000100
352100000000001
223000010000000
000110000000000
512000100000000
132000100000000
001001000000000
632000100000000
232100000001000
401100000100000
460100000000001
253000010000000
340010000000000
005000000100000
160010000000000
000610000000000
033200000000010
003800010000000
233000010000000
013400000001000
160100000001000
531100000000010
016100000001000
330100000010000
540010000000000
013500000000100
440010000000000
543000010000000
031200000001000
025000000100000
123100000010000
021001000000000
364000001000000
011700000000100
400010000000000
242000100000000
514100000000001
361100000000001
312000100000000
040200000000100
426000000010000
203100000100000
632000100000000
030100010000000
641001000000000
422000100000000
141100000010000
030300000000010
020100100000000
031001000000000
205100000001000
113100000100000
061100000001000
114100000010000
265000000100000
053000010000000
114000001000000
044000001000000
534000001000000
235100000000001
215000000100000
566000000010000
310010000000000
501001000000000
160010000000000
021001000000000
131001000000000
011500000010000
105100000010000
133100000001000
611100000000100
264000001000000
550010000000000
620100000000100
046100000000001
660010000000000
015300000000100
242100000000100
120200000000100
114100000010000
544000001000000
235100000000001
010700000001000
145100000000001
013100001000000
116000000010000
634000001000000
122100000100000
622000100000000
255000000100000
013000010000000
521100000000100
410100000100000
032100000100000
221001000000000
101300000000001
105000000100000
621100000000010
562000100000000
311100000100000
015200000001000
531001000000000
022400000000001
005600000100000
135000000100000
440100000000100
340010000000000
301001000000000
245000000100000
652000100000000
241001000000000
005200000100000
351001000000000
061100000001000
324100000000010
453000010000000
512100000000100
235000000100000
424100000000001
310010000000000
352000100000000
460100000000001
232100000001000
133000010000000
003700010000000
454000001000000
530100000000100
022100001000000
523000010000000
100200001000000
435000000100000
432100000000010
115100000001000
055100000000001
602100000000100
031001000000000
402100000010000
336000000010000
230100000100000
054100000000010
000510000000000
010700000001000
152000100000000
013100001000000
364000001000000
402100000010000
062100000000100
000510000000000
003700010000000
162000100000000
124000001000000
641001000000000
210200000000001
211100001000000
064000001000000
221100000100000
014300000001000
225000000100000
004400001000000
110010000000000
630100000000010
660010000000000
511100000001000
551001000000000
610010000000000
123100000010000
251100000000100
200100100000000
225100000000010
622000100000000
136100000000001
126000000010000
012800000000001
062100000000100
006900000010000
450100000000010
540010000000000
144000001000000
543000010000000
066000000010000
304100000001000
136100000000001
302000100000000
015000000100000
302000100000000
542000100000000
006600000010000
130200000000001
063000010000000
116100000000100
005600000100000
062100000000100
200010000000000
204100000010000
512000100000000
003900010000000
453000010000000
621001000000000
003400010000000
531100000000010
353000010000000
240100000010000
201200000000010
051100000010000
241100000001000
154100000000001
033000010000000
266000000010000
510010000000000
005500000100000
140010000000000
466000000010000
242000100000000
220010000000000
013400000001000
215100000000100
424000001000000
455000000100000
531001000000000
031001000000000
243100000000010
004500001000000
550100000000001
302100000100000
113100000100000
212000100000000
352100000000001
203000010000000
032200000000100
010300010000000
336000000010000
501001000000000
220010000000000
631001000000000
142000100000000
204100000010000
620010000000000
423100000000010
136000000010000
026100000000100
503000010000000
601100000001000
014300000001000
015400000000010
116000000010000
015200000001000
443000010000000
620100000000100
123000010000000
456000000010000
101200000100000
221001000000000
431001000000000
610010000000000
055100000000001
640010000000000
514100000000001
506000000010000
523000010000000
661001000000000
112200000000100
011900000000001
045100000000010
011700000000100
021400000000010
503000010000000
044100000000100
033200000000010
260100000000100
415100000000001
355000000100000
222000100000000
031100001000000
051001000000000
013500000000100
201001000000000
022200000010000
541001000000000
144000001000000
141001000000000
015400000000010
010300010000000
111200000001000
615000000100000
021300000001000
251100000000100
115100000001000
534000001000000
511100000001000
201100010000000
161100000000100
106200000000001
144100000000010
414000001000000
160100000001000
063100000000010
200010000000000
200100100000000
514100000000001
346000000010000
101100100000000
551001000000000
360100000000010
026000000010000
300100010000000
405100000000010
602000100000000
261100000000010
356000000010000
565000000100000
204000001000000
350100000000100
102000100000000
016100000001000
422000100000000
023100000100000
662000100000000
614000001000000
633000010000000
010101000000000
214000001000000
154000001000000
165000000100000
540010000000000
354000001000000
253000010000000
050200000000001
450100000000010
142000100000000
242100000000100
612100000000010
060100000010000
220010000000000
540010000000000
200100100000000
134100000000100
140010000000000
133100000001000
324000001000000
412000100000000
400100001000000
102100010000000
003200010000000
226100000000001
201200000000010
054000001000000
603000010000000
360100000000010
021400000000010
216100000000010
221001000000000
261100000000010
353000010000000
001301000000000
005000000100000
014600000000001
231001000000000
042100000010000
505100000000001
001201000000000
000410000000000
012200001000000
014400000000100
565000000100000
042000100000000
551001000000000
130200000000001
000310000000000
